ra: 36.033303
dec: 18.25795
radius: 0.1